======================================================================
RELATÓRIO DE ANÁLISE REOLÓGICA
======================================================================
Sessão: 20251028_163819
Data da Geração: 2025-10-28 16:39:19
Pasta de Saída: resultados_analise_reologica\FC1-Caulim40H2O-Capilar15x43_20251028_163819

--- PARÂMETROS GLOBAIS DO ENSAIO ---
Densidade da Pasta: 1.630 g/cm³
Tempo de Extrusão: Variável (ver tabela)

--- ORIGEM DOS DADOS EXPERIMENTAIS ---
Método de Entrada: Arquivo(s) JSON
  Arquivos JSON Utilizados (da pasta 'resultados_testes_reometro/'):
    - Caulim40H2O-Capilar15x43_20251028_161128.json

--- CONFIGURAÇÃO DE CORREÇÕES E CALIBRAÇÃO ---
Correção de Bagley (ao vivo): Não
Correção de Mooney (ao vivo): Não

--- GEOMETRIA DO CAPILAR ÚNICO (SEM CORREÇÕES) ---
Diâmetro: 1.500 mm
Comprimento: 43.00 mm

--- RESULTADOS PRINCIPAIS (CURVA DE FLUXO PROCESSADA) ---
Ponto D_cap(mm) L_cap(mm) rho(g/cm³) t_ext(s) P_ext(bar) M_ext(g) Q_calc(mm³/s)   τw (Pa) γ̇aw (s⁻¹) ηa (Pa·s) γ̇w (s⁻¹) η (Pa·s)
    1     1.500     43.00     1.6300  30.2554     0.4506   1.7700       35.8907  392.9484   108.3199    3.6277  130.5648   3.0096
    2     1.500     43.00     1.6300  30.1822     0.4370   1.8200       36.9941  381.1016   111.6500    3.4134  134.5787   2.8318
    3     1.500     43.00     1.6300  30.3435     0.4353   1.8700       37.8083  379.6628   114.1075    3.3272  137.5408   2.7604
    4     1.500     43.00     1.6300  30.3538     0.4659   2.1100       42.6463  406.2845   128.7087    3.1566  155.1406   2.6188
    5     1.500     43.00     1.6300  30.3668     0.4778   2.2700       45.8606  416.6490   138.4095    3.0103  166.8336   2.4974
    6     1.500     43.00     1.6300  30.2916     0.5814   3.0200       61.1642  507.0482   184.5964    2.7468  222.5056   2.2788
    7     1.500     43.00     1.6300  30.1542     0.6003   3.0200       61.4429  523.4792   185.4377    2.8229  223.5196   2.3420
    8     1.500     43.00     1.6300  30.3056     0.5883   3.0500       61.7432  513.0376   186.3441    2.7532  224.6121   2.2841
    9     1.500     43.00     1.6300  30.0774     0.5933   3.0300       61.8037  517.4117   186.5266    2.7739  224.8321   2.3013
   10     1.500     43.00     1.6300  30.2967     0.5983   3.1300       63.3814  521.7754   191.2882    2.7277  230.5716   2.2630
   11     1.500     43.00     1.6300  30.1849     0.6075   3.1800       64.6324  529.7655   195.0637    2.7159  235.1224   2.2531
   12     1.500     43.00     1.6300  30.1813     0.6242   3.3000       67.0793  544.3610   202.4485    2.6889  244.0238   2.2308
   13     1.500     43.00     1.6300  30.3836     0.6436   3.5300       71.2768  561.2959   215.1170    2.6093  259.2939   2.1647
   14     1.500     43.00     1.6300  30.3774     0.6557   3.5900       72.5031  571.8313   218.8178    2.6133  263.7547   2.1680
   15     1.500     43.00     1.6300  30.1838     0.6640   3.7400       76.0169  579.1073   229.4226    2.5242  276.5374   2.0941
   16     1.500     43.00     1.6300  30.0762     0.7346   4.1500       84.6519  640.6166   255.4837    2.5075  307.9504   2.0803
   17     1.500     43.00     1.6300  30.0802     0.7452   4.2300       86.2724  649.8772   260.3745    2.4959  313.8456   2.0707
   18     1.500     43.00     1.6300  30.0820     0.7391   4.2500       86.6753  644.5870   261.5902    2.4641  315.3110   2.0443
   19     1.500     43.00     1.6300  30.2928     0.7526   4.4300       89.7173  656.3480   270.7713    2.4240  326.3775   2.0110
   20     1.500     43.00     1.6300  30.2960     0.7495   4.5900       92.9480  653.6603   280.5216    2.3302  338.1301   1.9332
   21     1.500     43.00     1.6300  30.4107     1.2847   6.8000      137.1814 1120.3585   414.0201    2.7060  499.0442   2.2450
   22     1.500     43.00     1.6300  30.1883     1.0589   7.4100      150.5884  923.4832   454.4833    2.0319  547.8170   1.6858
   23     1.500     43.00     1.6300  30.1841     1.0676   7.6900      156.3006  931.0864   471.7229    1.9738  568.5970   1.6375
   24     1.500     43.00     1.6300  30.1895     1.0759   7.9300      161.1499  938.3270   486.3584    1.9293  586.2381   1.6006
   25     1.500     43.00     1.6300  30.1976     1.0864   8.3300      169.2328  947.4015   510.7528    1.8549  615.6422   1.5389
   26     1.500     43.00     1.6300  30.1816     1.1087   8.3900      170.5420  966.8824   514.7042    1.8785  620.4050   1.5585
   27     1.500     43.00     1.6300  30.1843     1.2810   9.4200      191.4617 1117.1637   577.8410    1.9333  696.5077   1.6040
   28     1.500     43.00     1.6300  30.1899     1.2979  10.6200      215.8121 1131.8507   651.3315    1.7377  785.0903   1.4417
   29     1.500     43.00     1.6300  30.4009     1.2916  10.7600      217.1394 1126.3838   655.3375    1.7188  789.9190   1.4259
   30     1.500     43.00     1.6300  30.4009     1.2864  11.1700      225.4129 1121.8189   680.3074    1.6490  820.0168   1.3680
   31     1.500     43.00     1.6300  30.3016     1.7057  12.4900      252.8766 1487.5221   763.1941    1.9491  919.9254   1.6170
   32     1.500     43.00     1.6300  30.3044     1.6982  13.5300      273.9079 1481.0201   826.6676    1.7916  996.4339   1.4863
   33     1.500     43.00     1.6300  30.3623     1.6958  15.0100      303.2899 1478.9335   915.3437    1.6157 1103.3208   1.3404
   34     1.500     43.00     1.6300  30.3544     1.6826  16.3700      330.8560 1467.3631   998.5399    1.4695 1203.6023   1.2191
   35     1.500     43.00     1.6300  30.1496     1.6902  16.4300      334.3246 1473.9787  1009.0080    1.4608 1216.2202   1.2119
   36     1.500     43.00     1.6300  30.3052     1.9819  25.7200      520.6741 1728.4374  1571.4200    1.0999 1894.1303   0.9125
   37     1.500     43.00     1.6300  30.3019     2.0465  26.0000      526.4003 1784.7366  1588.7019    1.1234 1914.9614   0.9320
   38     1.500     43.00     1.6300  30.5146     2.0349  26.7400      537.6081 1774.5982  1622.5277    1.0937 1955.7336   0.9074
   39     1.500     43.00     1.6300  30.5159     2.0326  26.7800      538.3899 1772.6570  1624.8874    1.0909 1958.5779   0.9051
   40     1.500     43.00     1.6300  30.4107     2.0261  27.1200      547.1108 1766.9843  1651.2073    1.0701 1990.3030   0.8878
   41     1.500     43.00     1.6300  30.5749     2.2659  39.2100      786.7624 1976.0587  2374.4878    0.8322 2862.1179   0.6904
   42     1.500     43.00     1.6300  30.3586     2.2532  39.5700      799.6441 1965.0237  2413.3654    0.8142 2908.9795   0.6755
   43     1.500     43.00     1.6300  30.4785     2.2766  39.8700      802.5372 1985.4342  2422.0968    0.8197 2919.5040   0.6801
   44     1.500     43.00     1.6300  30.3013     2.3148  39.9000      807.8372 2018.7206  2438.0925    0.8280 2938.7847   0.6869
   45     1.500     43.00     1.6300  30.4681     2.2443  40.2400      810.2608 1957.2256  2445.4071    0.8004 2947.6015   0.6640
   46     1.500     43.00     1.6300  20.4840     2.5879  41.4200     1240.5330 2256.8711  3743.9896    0.6028 4512.8637   0.5001

--- MELHOR MODELO REOLÓGICO AJUSTADO ---
                       Parâmetro   Valor Estimado Erro Padrão (+/-)
       Modelo Reológico Ajustado Herschel-Bulkley               N/A
Coeficiente de Determinação (R²)          0.96254               N/A
                         τ₀ (Pa)          0.00000          170.0011
                       K (Pa·sⁿ)         44.90051           29.2855
                           n (-)          0.47875            0.0723

Comportamento do Fluido Inferido: Viscoplástico (tensão de escoamento τ₀ ≈ 0) e Pseudoplástico (n = 0.479 < 1)

--- ARQUIVOS GERADOS NESTA SESSÃO ---
- 20251028_163819_comparativo_viscosidades.png
- 20251028_163819_curva_fluxo.png
- 20251028_163819_curva_viscosidade.png
- 20251028_163819_n_prime.png
- 20251028_163819_parametros_modelos.json
- 20251028_163819_pressao_vs_viscosidade.png
- 20251028_163819_resultados_reologicos.csv
- 20251028_163819_resumo_melhor_modelo.csv

======================================================================
FIM DO RELATÓRIO
======================================================================
