======================================================================
RELATÓRIO DE ANÁLISE REOLÓGICA
======================================================================
Sessão: 20251026_000507
Data da Geração: 2025-10-26 00:05:34
Pasta de Saída: resultados_analise_reologica\FC1-Caulim40%H2O-Capilar3x64_20251026_000507

--- PARÂMETROS GLOBAIS DO ENSAIO ---
Densidade da Pasta: 1.630 g/cm³
Tempo de Extrusão: Variável (ver tabela)

--- ORIGEM DOS DADOS EXPERIMENTAIS ---
Método de Entrada: Arquivo(s) JSON
  Arquivos JSON Utilizados (da pasta 'resultados_testes_reometro/'):
    - edit_Caulim40%H2O-Capilar3x64-Ensaio1_20251019_174146.json

--- CONFIGURAÇÃO DE CORREÇÕES E CALIBRAÇÃO ---
Correção de Bagley (ao vivo): Não
Correção de Mooney (ao vivo): Não

--- GEOMETRIA DO CAPILAR ÚNICO (SEM CORREÇÕES) ---
Diâmetro: 3.000 mm
Comprimento: 64.00 mm

--- RESULTADOS PRINCIPAIS (CURVA DE FLUXO PROCESSADA) ---
Ponto D_cap(mm) L_cap(mm) rho(g/cm³) t_ext(s) P_ext(bar) M_ext(g) Q_calc(mm³/s)   τw (Pa) γ̇aw (s⁻¹) ηa (Pa·s) γ̇w (s⁻¹) η (Pa·s)
    1     3.000     64.00     1.6300   6.9646     0.4088   1.2100      106.5862  479.1151    40.2103   11.9152   62.5078   7.6649
    2     3.000     64.00     1.6300  18.3012     0.5194   4.7300      158.5599  608.6693    59.8177   10.1754   92.9879   6.5457
    3     3.000     64.00     1.6300  18.2976     0.5275   4.7600      159.5971  618.1739    60.2090   10.2671   93.5962   6.6047
    4     3.000     64.00     1.6300  18.6431     0.5365   4.8600      159.9303  628.7173    60.3347   10.4205   93.7916   6.7033
    5     3.000     64.00     1.6300  18.2969     0.5134   4.8800      163.6269  601.6727    61.7292    9.7470   95.9594   6.2701
    6     3.000     64.00     1.6300  18.6363     0.5290   5.0700      166.9018  619.9437    62.9647    9.8459   97.8800   6.3337
    7     3.000     64.00     1.6300  18.3052     0.5185   5.0000      167.5744  607.6505    63.2185    9.6119   98.2745   6.1832
    8     3.000     64.00     1.6300  18.4131     0.5331   5.1400      171.2567  624.7747    64.6077    9.6703  100.4340   6.2208
    9     3.000     64.00     1.6300  17.0659     0.5428   4.8100      172.9130  636.0952    65.2325    9.7512  101.4053   6.2728
   10     3.000     64.00     1.6300  18.4137     0.5239   5.2300      174.2501  613.9095    65.7369    9.3389  102.1894   6.0076
   11     3.000     64.00     1.6300  18.2976     0.5405   5.2300      175.3561  633.3496    66.1542    9.5738  102.8381   6.1587
   12     3.000     64.00     1.6300  18.4082     0.5445   5.7500      191.6322  638.0995    72.2944    8.8264  112.3832   5.6779
   13     3.000     64.00     1.6300  18.2958     0.5704   5.7700      193.4805  668.4159    72.9917    9.1574  113.4672   5.8908
   14     3.000     64.00     1.6300  18.4207     0.5547   5.9400      197.8306  650.0945    74.6328    8.7106  116.0183   5.6034
   15     3.000     64.00     1.6300  18.3112     0.5634   6.0000      201.0236  660.2063    75.8374    8.7056  117.8908   5.6002
   16     3.000     64.00     1.6300  18.4049     0.5774   6.2300      207.6667  676.5994    78.3435    8.6363  121.7867   5.5556
   17     3.000     64.00     1.6300  18.2995     0.6465   7.8000      261.4979  757.5592    98.6517    7.6791  153.3561   4.9399
   18     3.000     64.00     1.6300  18.2493     0.6638   8.1900      275.3276  777.9008   103.8690    7.4892  161.4666   4.8177
   19     3.000     64.00     1.6300  18.3059     0.6850   8.4400      282.8553  802.7366   106.7089    7.5227  165.8812   4.8392
   20     3.000     64.00     1.6300  18.2970     0.6682   8.6000      288.3578  783.0612   108.7848    7.1983  169.1082   4.6305
   21     3.000     64.00     1.6300  18.1829     0.6735   8.6700      292.5292  789.2078   110.3584    7.1513  171.5545   4.6003
   22     3.000     64.00     1.6300  10.4425     1.3428  26.5400     1559.2289 1573.5363   588.2287    2.6750  914.4139   1.7208
   23     3.000     64.00     1.6300  10.4430     1.1929  27.8900     1638.4650 1397.9040   618.1210    2.2615  960.8822   1.4548
   24     3.000     64.00     1.6300  10.7775     1.3526  29.0700     1654.7782 1585.0958   624.2753    2.5391  970.4491   1.6334
   25     3.000     64.00     1.6300  10.4419     1.3435  28.4900     1673.8851 1574.4710   631.4835    2.4933  981.6544   1.6039
   26     3.000     64.00     1.6300  10.4463     1.2350  29.3800     1725.4439 1447.2641   650.9343    2.2234 1011.8911   1.4303
   27     3.000     64.00     1.6300  10.4423     1.2556  29.8400     1753.1276 1471.4478   661.3782    2.2248 1028.1263   1.4312
   28     3.000     64.00     1.6300  10.4480     1.2686  34.1300     2004.0732 1486.6065   756.0490    1.9663 1175.2940   1.2649
   29     3.000     64.00     1.6300  10.4298     1.3797  35.5200     2089.3464 1616.8136   788.2188    2.0512 1225.3028   1.3195
   30     3.000     64.00     1.6300   4.7295     1.4563  29.4300     3817.5650 1706.5938  1440.1999    1.1850 2238.8211   0.7623
   31     3.000     64.00     1.6300   4.6111     1.4730  31.8300     4234.9586 1726.1849  1597.6642    1.0804 2483.6027   0.6950
   32     3.000     64.00     1.6300   5.4002     1.4904  38.6400     4389.7260 1746.5517  1656.0512    1.0546 2574.3665   0.6784
   33     3.000     64.00     1.6300   5.2899     1.4676  39.1200     4536.9579 1719.8129  1711.5953    1.0048 2660.7110   0.6464
   34     3.000     64.00     1.6300   5.2850     1.4587  41.4200     4808.1380 1709.3944  1813.8997    0.9424 2819.7453   0.6062
   35     3.000     64.00     1.6300   5.4029     1.5146  58.4900     6641.4876 1774.9209  2505.5421    0.7084 3894.9180   0.4557
   36     3.000     64.00     1.6300   5.4037     1.5561  59.0400     6702.9522 1823.5670  2528.7300    0.7211 3930.9641   0.4639
   37     3.000     64.00     1.6300   5.5131     1.6122  61.2700     6818.1589 1889.2734  2572.1924    0.7345 3998.5274   0.4725
   38     3.000     64.00     1.6300   5.1721     1.4993  58.8700     6982.9429 1757.0216  2634.3582    0.6670 4095.1654   0.4290
   39     3.000     64.00     1.6300   5.4010     1.8577 123.1600    13989.7202 2177.0039  5277.7081    0.4125 8204.3085   0.2653

--- MELHOR MODELO REOLÓGICO AJUSTADO ---
                       Parâmetro   Valor Estimado Erro Padrão (+/-)
       Modelo Reológico Ajustado Herschel-Bulkley               N/A
Coeficiente de Determinação (R²)          0.94922               N/A
                         τ₀ (Pa)          0.00000          307.7172
                       K (Pa·sⁿ)        193.86250          148.0913
                           n (-)          0.27712            0.0739

Comportamento do Fluido Inferido: Viscoplástico (tensão de escoamento τ₀ ≈ 0) e Pseudoplástico (n = 0.277 < 1)

--- ARQUIVOS GERADOS NESTA SESSÃO ---
- 20251026_000507_comparativo_viscosidades.png
- 20251026_000507_curva_fluxo.png
- 20251026_000507_curva_viscosidade.png
- 20251026_000507_n_prime.png
- 20251026_000507_parametros_modelos.json
- 20251026_000507_pressao_vs_viscosidade.png
- 20251026_000507_resultados_reologicos.csv
- 20251026_000507_resumo_melhor_modelo.csv

======================================================================
FIM DO RELATÓRIO
======================================================================
