======================================================================
RELATÓRIO DE ANÁLISE REOLÓGICA
======================================================================
Sessão: 20251028_165532
Data da Geração: 2025-10-28 16:56:30
Pasta de Saída: resultados_analise_reologica\residuos_Caulim40%H2O-Capilar1.5x43_20251028_165532

--- PARÂMETROS GLOBAIS DO ENSAIO ---
Densidade da Pasta: 1.630 g/cm³
Tempo de Extrusão: Variável (ver tabela)

--- ORIGEM DOS DADOS EXPERIMENTAIS ---
Método de Entrada: Arquivo(s) JSON
  Arquivos JSON Utilizados (da pasta 'resultados_testes_reometro/'):
    - residuos_Caulim40%H2O-Capilar1.5x43_20251028_165518.json

--- CONFIGURAÇÃO DE CORREÇÕES E CALIBRAÇÃO ---
Correção de Bagley (ao vivo): Não
Correção de Mooney (ao vivo): Não

--- GEOMETRIA DO CAPILAR ÚNICO (SEM CORREÇÕES) ---
Diâmetro: 1.500 mm
Comprimento: 43.00 mm

--- RESULTADOS PRINCIPAIS (CURVA DE FLUXO PROCESSADA) ---
Ponto D_cap(mm) L_cap(mm) rho(g/cm³) t_ext(s) P_ext(bar) M_ext(g) Q_calc(mm³/s)   τw (Pa) γ̇aw (s⁻¹) ηa (Pa·s) γ̇w (s⁻¹) η (Pa·s)
    1     1.500     43.00     1.6300  30.2554     0.4506   1.7700       35.8907  392.9484   108.3199    3.6277  130.1220   3.0198
    2     1.500     43.00     1.6300  30.1822     0.4370   1.8200       36.9941  381.1016   111.6500    3.4134  134.1223   2.8414
    3     1.500     43.00     1.6300  30.3435     0.4353   1.8700       37.8083  379.6628   114.1075    3.3272  137.0744   2.7698
    4     1.500     43.00     1.6300  30.3538     0.4659   2.1100       42.6463  406.2845   128.7087    3.1566  154.6145   2.6277
    5     1.500     43.00     1.6300  30.3668     0.4778   2.2700       45.8606  416.6490   138.4095    3.0103  166.2678   2.5059
    6     1.500     43.00     1.6300  30.2916     0.5814   3.0200       61.1642  507.0482   184.5964    2.7468  221.7510   2.2866
    7     1.500     43.00     1.6300  30.1542     0.6003   3.0200       61.4429  523.4792   185.4377    2.8229  222.7616   2.3500
    8     1.500     43.00     1.6300  30.3056     0.5883   3.0500       61.7432  513.0376   186.3441    2.7532  223.8504   2.2919
    9     1.500     43.00     1.6300  30.0774     0.5933   3.0300       61.8037  517.4117   186.5266    2.7739  224.0697   2.3092
   10     1.500     43.00     1.6300  30.2967     0.5983   3.1300       63.3814  521.7754   191.2882    2.7277  229.7897   2.2707
   11     1.500     43.00     1.6300  30.1849     0.6075   3.1800       64.6324  529.7655   195.0637    2.7159  234.3251   2.2608
   12     1.500     43.00     1.6300  30.1813     0.6242   3.3000       67.0793  544.3610   202.4485    2.6889  243.1963   2.2384
   13     1.500     43.00     1.6300  30.3836     0.6436   3.5300       71.2768  561.2959   215.1170    2.6093  258.4146   2.1721
   14     1.500     43.00     1.6300  30.3774     0.6557   3.5900       72.5031  571.8313   218.8178    2.6133  262.8603   2.1754
   15     1.500     43.00     1.6300  30.1838     0.6640   3.7400       76.0169  579.1073   229.4226    2.5242  275.5996   2.1013
   16     1.500     43.00     1.6300  30.0762     0.7346   4.1500       84.6519  640.6166   255.4837    2.5075  306.9061   2.0873
   17     1.500     43.00     1.6300  30.0802     0.7452   4.2300       86.2724  649.8772   260.3745    2.4959  312.7813   2.0777
   18     1.500     43.00     1.6300  30.0820     0.7391   4.2500       86.6753  644.5870   261.5902    2.4641  314.2417   2.0512
   19     1.500     43.00     1.6300  30.2928     0.7526   4.4300       89.7173  656.3480   270.7713    2.4240  325.2707   2.0179
   20     1.500     43.00     1.6300  30.2960     0.7495   4.5900       92.9480  653.6603   280.5216    2.3302  336.9834   1.9397
   21     1.500     43.00     1.6300  30.4107     1.2847   6.8000      137.1814 1120.3585   414.0201    2.7060  497.3519   2.2526
   22     1.500     43.00     1.6300  30.1883     1.0589   7.4100      150.5884  923.4832   454.4833    2.0319  545.9592   1.6915
   23     1.500     43.00     1.6300  30.1841     1.0676   7.6900      156.3006  931.0864   471.7229    1.9738  566.6688   1.6431
   24     1.500     43.00     1.6300  30.1895     1.0759   7.9300      161.1499  938.3270   486.3584    1.9293  584.2500   1.6060
   25     1.500     43.00     1.6300  30.1976     1.0864   8.3300      169.2328  947.4015   510.7528    1.8549  613.5544   1.5441
   26     1.500     43.00     1.6300  30.1843     1.2810   9.4200      191.4617 1117.1637   577.8410    1.9333  694.1457   1.6094
   27     1.500     43.00     1.6300  30.1899     1.2979  10.6200      215.8121 1131.8507   651.3315    1.7377  782.4280   1.4466
   28     1.500     43.00     1.6300  30.4009     1.2916  10.7600      217.1394 1126.3838   655.3375    1.7188  787.2403   1.4308
   29     1.500     43.00     1.6300  30.4009     1.2864  11.1700      225.4129 1121.8189   680.3074    1.6490  817.2360   1.3727
   30     1.500     43.00     1.6300  30.3623     1.6958  15.0100      303.2899 1478.9335   915.3437    1.6157 1099.5792   1.3450
   31     1.500     43.00     1.6300  30.3544     1.6826  16.3700      330.8560 1467.3631   998.5399    1.4695 1199.5206   1.2233
   32     1.500     43.00     1.6300  30.1496     1.6902  16.4300      334.3246 1473.9787  1009.0080    1.4608 1212.0958   1.2161
   33     1.500     43.00     1.6300  30.3052     1.9819  25.7200      520.6741 1728.4374  1571.4200    1.0999 1887.7070   0.9156
   34     1.500     43.00     1.6300  30.3019     2.0465  26.0000      526.4003 1784.7366  1588.7019    1.1234 1908.4674   0.9352
   35     1.500     43.00     1.6300  30.5146     2.0349  26.7400      537.6081 1774.5982  1622.5277    1.0937 1949.1014   0.9105
   36     1.500     43.00     1.6300  30.5159     2.0326  26.7800      538.3899 1772.6570  1624.8874    1.0909 1951.9361   0.9082
   37     1.500     43.00     1.6300  30.4107     2.0261  27.1200      547.1108 1766.9843  1651.2073    1.0701 1983.5535   0.8908
   38     1.500     43.00     1.6300  30.5749     2.2659  39.2100      786.7624 1976.0587  2374.4878    0.8322 2852.4120   0.6928
   39     1.500     43.00     1.6300  30.3586     2.2532  39.5700      799.6441 1965.0237  2413.3654    0.8142 2899.1147   0.6778
   40     1.500     43.00     1.6300  30.4785     2.2766  39.8700      802.5372 1985.4342  2422.0968    0.8197 2909.6035   0.6824
   41     1.500     43.00     1.6300  30.3013     2.3148  39.9000      807.8372 2018.7206  2438.0925    0.8280 2928.8188   0.6893
   42     1.500     43.00     1.6300  30.4681     2.2443  40.2400      810.2608 1957.2256  2445.4071    0.8004 2937.6057   0.6663

--- MELHOR MODELO REOLÓGICO AJUSTADO ---
                       Parâmetro   Valor Estimado Erro Padrão (+/-)
       Modelo Reológico Ajustado Herschel-Bulkley               N/A
Coeficiente de Determinação (R²)          0.97692               N/A
                         τ₀ (Pa)          0.00000          144.1189
                       K (Pa·sⁿ)         37.84811           22.8984
                           n (-)          0.50259            0.0685

Comportamento do Fluido Inferido: Viscoplástico (tensão de escoamento τ₀ ≈ 0) e Pseudoplástico (n = 0.503 < 1)

--- ARQUIVOS GERADOS NESTA SESSÃO ---
- 20251028_165532_comparativo_viscosidades.png
- 20251028_165532_curva_fluxo.png
- 20251028_165532_curva_viscosidade.png
- 20251028_165532_n_prime.png
- 20251028_165532_parametros_modelos.json
- 20251028_165532_pressao_vs_viscosidade.png
- 20251028_165532_resultados_reologicos.csv
- 20251028_165532_resumo_melhor_modelo.csv

======================================================================
FIM DO RELATÓRIO
======================================================================
