======================================================================
RELATÓRIO DE ANÁLISE REOLÓGICA
======================================================================
Sessão: 20251026_201221
Data da Geração: 2025-10-26 20:12:53
Pasta de Saída: resultados_analise_reologica\40Cap1_20251026_201221

--- PARÂMETROS GLOBAIS DO ENSAIO ---
Densidade da Pasta: 1.630 g/cm³
Tempo de Extrusão: Variável (ver tabela)

--- ORIGEM DOS DADOS EXPERIMENTAIS ---
Método de Entrada: Arquivo(s) JSON
  Arquivos JSON Utilizados (da pasta 'resultados_testes_reometro/'):
    - 40Cap1_20251026_201152.json

--- CONFIGURAÇÃO DE CORREÇÕES E CALIBRAÇÃO ---
Correção de Bagley (ao vivo): Não
Correção de Mooney (ao vivo): Não

--- GEOMETRIA DO CAPILAR ÚNICO (SEM CORREÇÕES) ---
Diâmetro: 1.000 mm
Comprimento: 43.00 mm

--- RESULTADOS PRINCIPAIS (CURVA DE FLUXO PROCESSADA) ---
Ponto D_cap(mm) L_cap(mm) rho(g/cm³) t_ext(s) P_ext(bar) M_ext(g) Q_calc(mm³/s)   τw (Pa) γ̇aw (s⁻¹) ηa (Pa·s) γ̇w (s⁻¹) η (Pa·s)
    1     1.000     43.00     1.6300  30.3059     0.5580   1.5500       31.3774  324.4052   319.6072    1.0150  363.6588   0.8921
    2     1.000     43.00     1.6300  30.1931     0.5606   1.5700       31.9010  325.9055   324.9409    1.0030  369.7276   0.8815
    3     1.000     43.00     1.6300  30.4115     0.5537   1.6200       32.6805  321.9143   332.8813    0.9671  378.7624   0.8499
    4     1.000     43.00     1.6300  30.1923     0.5471   1.6200       32.9178  318.1099   335.2982    0.9487  381.5124   0.8338
    5     1.000     43.00     1.6300  30.1861     0.5464   1.6400       33.3311  317.6471   339.5078    0.9356  386.3023   0.8223
    6     1.000     43.00     1.6300  30.1304     0.6114   1.8200       37.0577  355.4691   377.4664    0.9417  429.4927   0.8276
    7     1.000     43.00     1.6300  30.2502     0.6018   1.8400       37.3166  349.9076   380.1036    0.9206  432.4934   0.8090
    8     1.000     43.00     1.6300  30.2744     0.6132   1.8600       37.6920  356.5287   383.9276    0.9286  436.8445   0.8161
    9     1.000     43.00     1.6300  30.1940     0.5993   1.8600       37.7925  348.4365   384.9509    0.9051  438.0088   0.7955
   10     1.000     43.00     1.6300  30.3960     0.6357   1.8900       38.1468  369.5909   388.5603    0.9512  442.1157   0.8360
   11     1.000     43.00     1.6300  30.1923     0.6348   1.9000       38.6073  369.0615   393.2510    0.9385  447.4529   0.8248
   12     1.000     43.00     1.6300  30.3034     0.6180   1.9200       38.8707  359.3182   395.9334    0.9075  450.5050   0.7976
   13     1.000     43.00     1.6300  30.2494     0.6425   1.9400       39.3457  373.5522   400.7724    0.9321  456.0110   0.8192
   14     1.000     43.00     1.6300  30.2847     0.6517   2.0800       42.1359  378.8899   429.1924    0.8828  488.3481   0.7759
   15     1.000     43.00     1.6300  30.2501     0.6886   2.2000       44.6178  400.3380   454.4728    0.8809  517.1129   0.7742
   16     1.000     43.00     1.6300  30.1356     0.9749   3.4700       70.6419  566.7999   719.5523    0.7877  818.7284   0.6923
   17     1.000     43.00     1.6300  30.1316     0.9800   3.4700       70.6512  569.7633   719.6472    0.7917  818.8364   0.6958
   18     1.000     43.00     1.6300  30.1871     0.9684   3.6100       73.3665  563.0369   747.3050    0.7534  850.3063   0.6622
   19     1.000     43.00     1.6300  30.2693     0.9847   3.6200       73.3700  572.4995   747.3409    0.7660  850.3472   0.6733
   20     1.000     43.00     1.6300  30.3052     0.9901   3.9500       79.9636  575.6161   814.5029    0.7067  926.7662   0.6211
   21     1.000     43.00     1.6300  30.2396     1.2830   5.1100      103.6708  745.9086  1055.9825    0.7064 1201.5289   0.6208
   22     1.000     43.00     1.6300  30.3492     1.2909   5.2400      105.9245  750.5406  1078.9376    0.6956 1227.6480   0.6114
   23     1.000     43.00     1.6300  30.2465     1.3027   5.2800      107.0956  757.3744  1090.8664    0.6943 1241.2210   0.6102
   24     1.000     43.00     1.6300  30.2770     1.3224   5.6200      113.8770  768.8598  1159.9413    0.6628 1319.8164   0.5826
   25     1.000     43.00     1.6300  30.2466     1.3108   5.6200      113.9915  762.1191  1161.1076    0.6564 1321.1435   0.5769
   26     1.000     43.00     1.6300  30.3833     1.5829   6.5300      131.8531  920.3042  1343.0449    0.6852 1528.1572   0.6022
   27     1.000     43.00     1.6300  30.3943     1.5943   6.8200      137.6591  926.9387  1402.1844    0.6611 1595.4480   0.5810
   28     1.000     43.00     1.6300  30.2748     1.5910   6.8100      137.9999  924.9963  1405.6554    0.6581 1599.3974   0.5783
   29     1.000     43.00     1.6300  30.1446     1.5940   7.0200      142.8697  926.7581  1455.2584    0.6368 1655.8372   0.5597
   30     1.000     43.00     1.6300  30.3870     1.6015   7.1800      144.9602  931.0984  1476.5523    0.6306 1680.0660   0.5542
   31     1.000     43.00     1.6300  30.2709     1.8322   8.3500      169.2283 1065.2614  1723.7455    0.6180 1961.3299   0.5431
   32     1.000     43.00     1.6300  30.1947     1.8520   8.5700      174.1253 1076.7469  1773.6261    0.6071 2018.0856   0.5335
   33     1.000     43.00     1.6300  30.2938     1.8295   8.6300      174.7711 1063.6533  1780.2039    0.5975 2025.5700   0.5251
   34     1.000     43.00     1.6300  30.3018     1.8590   8.6800      175.7372 1080.8027  1790.0443    0.6038 2036.7668   0.5306
   35     1.000     43.00     1.6300  30.3994     1.8730   8.7800      177.1911 1088.9493  1804.8534    0.6033 2053.6170   0.5303
   36     1.000     43.00     1.6300  30.1940     2.0575   9.8100      199.3243 1196.2490  2030.3006    0.5892 2310.1376   0.5178
   37     1.000     43.00     1.6300  30.1881     2.0347  10.2800      208.9148 1182.9426  2127.9884    0.5559 2421.2898   0.4886
   38     1.000     43.00     1.6300  30.1750     2.0270  10.4000      211.4454 1178.4857  2153.7653    0.5472 2450.6195   0.4809
   39     1.000     43.00     1.6300  30.1921     2.0607  10.6500      216.4055 1198.0684  2204.2882    0.5435 2508.1061   0.4777
   40     1.000     43.00     1.6300  30.4270     2.0443  10.8100      217.9608 1188.5247  2220.1302    0.5353 2526.1316   0.4705
   41     1.000     43.00     1.6300  30.2860     2.3661  13.6100      275.6944 1375.6124  2808.1998    0.4899 3195.2549   0.4305
   42     1.000     43.00     1.6300  30.3834     2.3782  13.7200      277.0320 1382.6972  2821.8246    0.4900 3210.7577   0.4306
   43     1.000     43.00     1.6300  30.3446     2.3694  13.8500      280.0149 1377.5618  2852.2079    0.4830 3245.3287   0.4245
   44     1.000     43.00     1.6300  31.3691     2.3858  14.5800      285.1466 1387.1157  2904.4790    0.4776 3304.8044   0.4197
   45     1.000     43.00     1.6300  30.4733     2.3814  14.7400      296.7502 1384.5332  3022.6731    0.4580 3439.2892   0.4026
   46     1.000     43.00     1.6300  30.3655     2.5761  15.8700      320.6338 1497.7376  3265.9486    0.4586 3716.0955   0.4030
   47     1.000     43.00     1.6300  30.4888     2.5709  15.9900      321.7515 1494.7079  3277.3334    0.4561 3729.0495   0.4008
   48     1.000     43.00     1.6300  30.4800     2.5807  16.3400      328.8895 1500.3912  3350.0412    0.4479 3811.7786   0.3936
   49     1.000     43.00     1.6300  30.3631     2.5805  16.3000      329.3470 1500.2976  3354.7013    0.4472 3817.0810   0.3930
   50     1.000     43.00     1.6300  30.3602     2.5657  17.3100      349.7879 1491.6702  3562.9107    0.4187 4053.9879   0.3680
   51     1.000     43.00     1.6300  30.5142     2.7421  18.2000      365.9163 1594.2194  3727.1929    0.4277 4240.9133   0.3759
   52     1.000     43.00     1.6300  30.5109     2.7666  19.0300      382.6447 1608.4939  3897.5872    0.4127 4434.7931   0.3627
   53     1.000     43.00     1.6300  30.5009     2.9146  19.2600      387.3973 1694.5233  3945.9965    0.4294 4489.8746   0.3774
   54     1.000     43.00     1.6300  30.4930     2.7903  19.5100      392.5274 1622.2849  3998.2512    0.4057 4549.3317   0.3566
   55     1.000     43.00     1.6300  30.3911     2.8053  20.1400      406.5607 1630.9986  4141.1934    0.3938 4711.9756   0.3461
   56     1.000     43.00     1.6300  30.4107     2.8128  20.5700      414.9728 1635.3236  4226.8782    0.3869 4809.4704   0.3400
   57     1.000     43.00     1.6300  30.3596     2.9091  21.4600      433.6566 1691.3280  4417.1900    0.3829 5026.0128   0.3365
   58     1.000     43.00     1.6300  30.3578     2.9048  21.9100      442.7757 1688.8116  4510.0766    0.3745 5131.7021   0.3291
   59     1.000     43.00     1.6300  30.3099     2.9325  22.0000      445.2976 1704.9575  4535.7646    0.3759 5160.9307   0.3304
   60     1.000     43.00     1.6300  30.4782     2.9179  22.6900      456.7275 1696.4812  4652.1886    0.3647 5293.4014   0.3205
   61     1.000     43.00     1.6300  30.3079     3.2157  22.9400      464.3542 1869.6219  4729.8730    0.3953 5381.7930   0.3474
   62     1.000     43.00     1.6300  30.5256     3.2137  27.2400      547.4638 1868.4172  5576.4207    0.3351 6345.0207   0.2945
   63     1.000     43.00     1.6300  30.5144     3.1864  27.7000      556.9122 1852.5493  5672.6607    0.3266 6454.5255   0.2870
   64     1.000     43.00     1.6300  30.4199     3.2120  27.8400      561.4668 1867.4662  5719.0539    0.3265 6507.3131   0.2870

--- MELHOR MODELO REOLÓGICO AJUSTADO ---
                       Parâmetro  Valor Estimado Erro Padrão (+/-)
       Modelo Reológico Ajustado Lei da Potência               N/A
Coeficiente de Determinação (R²)         0.98794               N/A
                       K (Pa·sⁿ)        11.95353            1.0145
                           n (-)         0.58299            0.0104

Comportamento do Fluido Inferido: N/APseudoplástico (n = 0.583 < 1)

--- ARQUIVOS GERADOS NESTA SESSÃO ---
- 20251026_201221_comparativo_viscosidades.png
- 20251026_201221_curva_fluxo.png
- 20251026_201221_curva_viscosidade.png
- 20251026_201221_n_prime.png
- 20251026_201221_parametros_modelos.json
- 20251026_201221_pressao_vs_viscosidade.png
- 20251026_201221_resultados_reologicos.csv
- 20251026_201221_resumo_melhor_modelo.csv

======================================================================
FIM DO RELATÓRIO
======================================================================
