======================================================================
RELATÓRIO DE ANÁLISE REOLÓGICA
======================================================================
Sessão: 20251026_001839
Data da Geração: 2025-10-26 00:19:20
Pasta de Saída: resultados_analise_reologica\FC0.2958Caulim37.5%H2O-Capilar1.5x43_20251026_001839

--- PARÂMETROS GLOBAIS DO ENSAIO ---
Densidade da Pasta: 1.630 g/cm³
Tempo de Extrusão: Variável (ver tabela)
Fator de Calibração Empírico Aplicado: 0.2958

--- ORIGEM DOS DADOS EXPERIMENTAIS ---
Método de Entrada: Arquivo(s) JSON
  Arquivos JSON Utilizados (da pasta 'resultados_testes_reometro/'):
    - Caulim37.5%H2O-Capilar1.5x43_20251025_195655.json

--- CONFIGURAÇÃO DE CORREÇÕES E CALIBRAÇÃO ---
Correção de Bagley (ao vivo): Não
Correção de Mooney (ao vivo): Não

--- GEOMETRIA DO CAPILAR ÚNICO (SEM CORREÇÕES) ---
Diâmetro: 1.500 mm
Comprimento: 43.00 mm

--- RESULTADOS PRINCIPAIS (CURVA DE FLUXO PROCESSADA) ---
Ponto D_cap(mm) L_cap(mm) rho(g/cm³) t_ext(s) P_ext(bar) M_ext(g) Q_calc(mm³/s)  τw (Pa) γ̇aw (s⁻¹) ηa (Pa·s) γ̇w (s⁻¹) η (Pa·s)
    1     1.500     43.00     1.6300  20.2063     0.6985   1.7200       52.2219 180.1990   157.6084    1.1433  184.6975   0.9756
    2     1.500     43.00     1.6300  20.2886     0.7356   1.7400       52.6149 189.7648   158.7945    1.1950  186.0875   1.0198
    3     1.500     43.00     1.6300  20.1666     0.7359   1.7500       53.2376 189.8333   160.6737    1.1815  188.2896   1.0082
    4     1.500     43.00     1.6300  20.2052     0.7208   1.7700       53.7430 185.9491   162.1990    1.1464  190.0772   0.9783
    5     1.500     43.00     1.6300  20.2127     0.7250   1.8100       54.9373 187.0188   165.8034    1.1280  194.3011   0.9625
    6     1.500     43.00     1.6300  20.1767     1.0044   3.0500       92.7391 259.0938   279.8912    0.9257  327.9979   0.7899
    7     1.500     43.00     1.6300  20.4280     1.0414   3.3000       99.1060 268.6534   299.1068    0.8982  350.5162   0.7665
    8     1.500     43.00     1.6300  20.3064     1.0478   3.4300      103.6271 270.2984   312.7518    0.8643  366.5064   0.7375
    9     1.500     43.00     1.6300  20.3735     1.0986   3.5700      107.5015 283.4006   324.4448    0.8735  380.2091   0.7454
   10     1.500     43.00     1.6300  20.3811     1.1768   3.9900      120.1039 303.5669   362.4796    0.8375  424.7813   0.7146
   11     1.500     43.00     1.6300  20.2060     1.4652   5.4800      166.3841 377.9601   502.1554    0.7527  588.4640   0.6423
   12     1.500     43.00     1.6300  20.4241     1.4810   5.7700      173.3190 382.0576   523.0852    0.7304  612.9911   0.6233
   13     1.500     43.00     1.6300  20.1917     1.4711   5.7100      173.4908 379.4890   523.6039    0.7248  613.5989   0.6185
   14     1.500     43.00     1.6300  20.1974     1.4700   5.7400      174.3529 379.2050   526.2055    0.7206  616.6477   0.6149
   15     1.500     43.00     1.6300  20.3219     1.4710   5.8200      175.6996 379.4664   530.2700    0.7156  621.4108   0.6107
   16     1.500     43.00     1.6300  20.4958     1.9265   5.9500      178.1005 496.9779   537.5161    0.9246  629.9024   0.7890
   17     1.500     43.00     1.6300  20.4955     2.5138   7.3700      220.6082 648.4832   665.8063    0.9740  780.2426   0.8311
   18     1.500     43.00     1.6300  20.4180     1.9243   7.7300      232.2624 496.4100   700.9792    0.7082  821.4609   0.6043
   19     1.500     43.00     1.6300  20.4270     2.5192   8.0500      241.7712 649.8674   729.6774    0.8906  855.0916   0.7600
   20     1.500     43.00     1.6300  20.4263     1.9146   8.4200      252.8921 493.9071   763.2408    0.6471  894.4238   0.5522
   21     1.500     43.00     1.6300  20.3125     2.5079   8.4000      253.7040 646.9599   765.6911    0.8449  897.2952   0.7210
   22     1.500     43.00     1.6300  20.5349     1.9221   8.6200      257.5290 495.8336   777.2351    0.6379  910.8234   0.5444
   23     1.500     43.00     1.6300  20.3189     1.9275   8.6900      262.3802 497.2344   791.8764    0.6279  927.9811   0.5358
   24     1.500     43.00     1.6300  20.5378     2.5013  10.1400      302.8983 645.2486   914.1621    0.7058 1071.2848   0.6023
   25     1.500     43.00     1.6300  20.4307     2.5082  10.2300      307.1882 647.0302   927.1091    0.6979 1086.4571   0.5955
   26     1.500     43.00     1.6300  20.4039     3.0310  17.7300      533.0988 781.9003  1608.9183    0.4860 1885.4532   0.4147
   27     1.500     43.00     1.6300  20.3092     3.0361  17.8600      539.5120 783.2171  1628.2738    0.4810 1908.1355   0.4105
   28     1.500     43.00     1.6300  20.5451     3.0156  18.1900      543.1715 777.9220  1639.3185    0.4745 1921.0784   0.4049
   29     1.500     43.00     1.6300  20.4206     3.0364  18.4800      555.1959 783.2778  1675.6087    0.4675 1963.6060   0.3989
   30     1.500     43.00     1.6300  20.5404     3.0123  18.7400      559.7223 777.0571  1689.2696    0.4600 1979.6149   0.3925
   31     1.500     43.00     1.6300  10.5596     3.3563  12.7600      741.3338 865.8081  2237.3820    0.3870 2621.9348   0.3302
   32     1.500     43.00     1.6300  10.6702     3.4012  13.4900      775.6261 877.3860  2340.8779    0.3748 2743.2192   0.3198
   33     1.500     43.00     1.6300  10.6263     3.4145  13.4700      777.6724 880.8287  2347.0537    0.3753 2750.4566   0.3202
   34     1.500     43.00     1.6300  10.6652     3.3978  13.9700      803.5990 876.5185  2425.3014    0.3614 2842.1531   0.3084
   35     1.500     43.00     1.6300  10.6720     3.4128  14.2100      816.8820 880.3726  2465.3901    0.3571 2889.1321   0.3047
   36     1.500     43.00     1.6300  20.6530     3.6155  29.0000      861.4454 932.6661  2599.8848    0.3587 3046.7432   0.3061

--- MELHOR MODELO REOLÓGICO AJUSTADO ---
                       Parâmetro  Valor Estimado Erro Padrão (+/-)
       Modelo Reológico Ajustado Lei da Potência               N/A
Coeficiente de Determinação (R²)         0.93998               N/A
                       K (Pa·sⁿ)        15.40981            2.9296
                           n (-)         0.51507            0.0257

Comportamento do Fluido Inferido: N/APseudoplástico (n = 0.515 < 1)

--- ARQUIVOS GERADOS NESTA SESSÃO ---
- 20251026_001839_comparativo_viscosidades.png
- 20251026_001839_curva_fluxo.png
- 20251026_001839_curva_viscosidade.png
- 20251026_001839_n_prime.png
- 20251026_001839_parametros_modelos.json
- 20251026_001839_pressao_vs_viscosidade.png
- 20251026_001839_resultados_reologicos.csv
- 20251026_001839_resumo_melhor_modelo.csv

======================================================================
FIM DO RELATÓRIO
======================================================================
