======================================================================
RELATÓRIO DE ANÁLISE REOLÓGICA
======================================================================
Sessão: 20251026_001302
Data da Geração: 2025-10-26 00:13:27
Pasta de Saída: resultados_analise_reologica\FC0.2958-Caulim40%H2O-Capilar1.5x43_20251026_001302

--- PARÂMETROS GLOBAIS DO ENSAIO ---
Densidade da Pasta: 1.630 g/cm³
Tempo de Extrusão: Variável (ver tabela)
Fator de Calibração Empírico Aplicado: 0.2958

--- ORIGEM DOS DADOS EXPERIMENTAIS ---
Método de Entrada: Arquivo(s) JSON
  Arquivos JSON Utilizados (da pasta 'resultados_testes_reometro/'):
    - edit_Caulim40%H2O-Capilar1.5x43mm-Ensaio2_20251022_165741.json

--- CONFIGURAÇÃO DE CORREÇÕES E CALIBRAÇÃO ---
Correção de Bagley (ao vivo): Não
Correção de Mooney (ao vivo): Não

--- GEOMETRIA DO CAPILAR ÚNICO (SEM CORREÇÕES) ---
Diâmetro: 1.500 mm
Comprimento: 43.00 mm

--- RESULTADOS PRINCIPAIS (CURVA DE FLUXO PROCESSADA) ---
Ponto D_cap(mm) L_cap(mm) rho(g/cm³) t_ext(s) P_ext(bar) M_ext(g) Q_calc(mm³/s)  τw (Pa) γ̇aw (s⁻¹) ηa (Pa·s) γ̇w (s⁻¹) η (Pa·s)
    1     1.500     43.00     1.6300  20.1996     0.8289   2.6400       80.1815 213.8296   241.9917    0.8836  312.2681   0.6848
    2     1.500     43.00     1.6300  20.2053     0.8301   2.6800       81.3733 214.1351   245.5886    0.8719  316.9097   0.6757
    3     1.500     43.00     1.6300  20.2621     0.8265   2.7400       82.9618 213.2180   250.3829    0.8516  323.0963   0.6599
    4     1.500     43.00     1.6300  20.2788     0.8229   2.9100       88.0366 212.2894   265.6989    0.7990  342.8602   0.6192
    5     1.500     43.00     1.6300  20.2146     0.7836   2.9200       88.6195 202.1508   267.4582    0.7558  345.1303   0.5857
    6     1.500     43.00     1.6300  20.0933     0.8208   3.0700       93.7347 211.7278   282.8960    0.7484  365.0515   0.5800
    7     1.500     43.00     1.6300  20.2070     0.9467   3.1500       95.6360 244.2249   288.6341    0.8461  372.4560   0.6557
    8     1.500     43.00     1.6300  20.3189     0.9312   3.2700       98.7324 240.2153   297.9794    0.8061  384.5152   0.6247
    9     1.500     43.00     1.6300  20.2115     0.9404   3.2800       99.5606 242.5834   300.4789    0.8073  387.7406   0.6256
   10     1.500     43.00     1.6300  20.1976     0.9305   3.2900       99.9331 240.0403   301.6030    0.7959  389.1911   0.6168
   11     1.500     43.00     1.6300  20.3705     0.9385   3.3600      101.1927 242.1059   305.4046    0.7927  394.0968   0.6143
   12     1.500     43.00     1.6300  20.2214     0.9408   3.3500      101.6356 242.7062   306.7412    0.7912  395.8214   0.6132
   13     1.500     43.00     1.6300  20.0311     0.9421   3.3500      102.6014 243.0289   309.6559    0.7848  399.5827   0.6082
   14     1.500     43.00     1.6300  20.1578     1.0017   3.6900      112.3039 258.4067   338.9388    0.7624  437.3695   0.5908
   15     1.500     43.00     1.6300  20.1942     1.0191   3.9700      120.6082 262.9000   364.0015    0.7222  469.7107   0.5597
   16     1.500     43.00     1.6300  20.3344     1.0177   4.0500      122.1904 262.5321   368.7765    0.7119  475.8724   0.5517
   17     1.500     43.00     1.6300  20.3301     1.0019   4.0700      122.8197 258.4655   370.6760    0.6973  478.3235   0.5404
   18     1.500     43.00     1.6300  20.3769     1.0321   4.1800      125.8493 266.2466   379.8194    0.7010  490.1222   0.5432
   19     1.500     43.00     1.6300  20.3202     1.0095   4.3000      129.8235 260.4175   391.8139    0.6646  505.6000   0.5151
   20     1.500     43.00     1.6300  20.1580     1.0415   4.3200      131.4768 268.6606   396.8035    0.6771  512.0387   0.5247
   21     1.500     43.00     1.6300  20.2264     1.2258   5.3500      162.2736 316.2020   489.7496    0.6456  631.9771   0.5003
   22     1.500     43.00     1.6300  20.2532     1.2080   5.5700      168.7231 311.6327   509.2145    0.6120  657.0948   0.4743
   23     1.500     43.00     1.6300  20.3902     1.2428   5.7600      173.3057 320.6073   523.0451    0.6130  674.9419   0.4750
   24     1.500     43.00     1.6300  20.1792     1.2584   5.7700      175.4224 324.6160   529.4334    0.6131  683.1854   0.4752
   25     1.500     43.00     1.6300  20.2222     1.2340   5.9500      180.5096 318.3215   544.7867    0.5843  702.9975   0.4528
   26     1.500     43.00     1.6300  20.4443     1.2748   6.0600      181.8501 328.8495   548.8326    0.5992  708.2183   0.4643
   27     1.500     43.00     1.6300  20.2224     1.5165   8.3000      251.8010 391.2012   759.9477    0.5148  980.6431   0.3989
   28     1.500     43.00     1.6300  20.2241     1.5471   8.4800      257.2402 399.0976   776.3635    0.5141 1001.8262   0.3984
   29     1.500     43.00     1.6300  20.2203     1.4045   8.6200      261.5370 362.3244   789.3315    0.4590 1018.5602   0.3557
   30     1.500     43.00     1.6300  20.3339     1.6153   9.3700      282.7043 416.6989   853.2154    0.4884 1100.9965   0.3785
   31     1.500     43.00     1.6300  20.2202     1.4962   9.3200      282.7760 385.9564   853.4319    0.4522 1101.2760   0.3505
   32     1.500     43.00     1.6300  20.2147     1.5669   9.5600      290.1372 404.2124   875.6485    0.4616 1129.9444   0.3577
   33     1.500     43.00     1.6300  20.1022     1.6233   9.6400      294.2017 418.7467   887.9152    0.4716 1145.7734   0.3655
   34     1.500     43.00     1.6300  20.3260     1.5931   9.9400      300.0173 410.9758   905.4671    0.4539 1168.4226   0.3517
   35     1.500     43.00     1.6300  20.4477     1.7276  10.6000      318.0341 445.6581   959.8425    0.4643 1238.5890   0.3598
   36     1.500     43.00     1.6300  20.2737     1.7841  10.8300      327.7229 460.2442   989.0840    0.4653 1276.3226   0.3606
   37     1.500     43.00     1.6300  20.3028     1.7594  11.4000      344.4772 453.8609  1039.6493    0.4366 1341.5724   0.3383
   38     1.500     43.00     1.6300  20.2481     1.7405  12.1600      368.4349 449.0006  1111.9548    0.4038 1434.8761   0.3129
   39     1.500     43.00     1.6300  20.3039     1.7470  12.2500      370.1417 450.6662  1117.1059    0.4034 1441.5231   0.3126
   40     1.500     43.00     1.6300  20.3311     1.8892  13.2300      399.2195 487.3487  1204.8640    0.4045 1554.7670   0.3135
   41     1.500     43.00     1.6300  20.0970     1.6821  13.9200      424.9336 433.9112  1282.4704    0.3383 1654.9109   0.2622
   42     1.500     43.00     1.6300  20.5027     1.8344  14.3100      428.1939 473.2045  1292.3103    0.3662 1667.6083   0.2838
   43     1.500     43.00     1.6300  20.3284     1.7528  14.4500      436.0911 452.1694  1316.1445    0.3436 1698.3643   0.2662
   44     1.500     43.00     1.6300  20.3281     1.7038  14.7200      444.2451 439.5194  1340.7536    0.3278 1730.1201   0.2540
   45     1.500     43.00     1.6300  20.8199     1.6988  15.3300      451.7259 438.2339  1363.3309    0.3214 1759.2540   0.2491
   46     1.500     43.00     1.6300  20.5160     2.0444  15.3300      458.4178 527.3829  1383.5275    0.3812 1785.3159   0.2954
   47     1.500     43.00     1.6300  20.3295     1.9378  15.4300      465.6407 499.8845  1405.3265    0.3557 1813.4455   0.2757
   48     1.500     43.00     1.6300  20.3899     1.8732  15.7300      473.2878 483.2165  1428.4061    0.3383 1843.2275   0.2622
   49     1.500     43.00     1.6300  24.0874     1.9039  19.5200      497.1668 491.1461  1500.4738    0.3273 1936.2244   0.2537
   50     1.500     43.00     1.6300  20.2913     1.7415  17.3200      523.6600 449.2346  1580.4318    0.2842 2039.4028   0.2203
   51     1.500     43.00     1.6300  20.3357     1.7380  17.3600      523.7238 448.3528  1580.6244    0.2837 2039.6514   0.2198
   52     1.500     43.00     1.6300  20.3627     1.9302  17.4500      525.7414 497.9302  1586.7134    0.3138 2047.5087   0.2432
   53     1.500     43.00     1.6300  20.4969     1.9754  18.0100      539.0612 509.5858  1626.9133    0.3132 2099.3831   0.2427
   54     1.500     43.00     1.6300  20.5007     2.0113  18.0800      541.0556 518.8399  1632.9324    0.3177 2107.1501   0.2462
   55     1.500     43.00     1.6300  20.3277     2.0139  17.9800      542.6431 519.5101  1637.7237    0.3172 2113.3328   0.2458
   56     1.500     43.00     1.6300  20.7306     2.5818  18.5400      548.6685 666.0105  1655.9087    0.4022 2136.7989   0.3117
   57     1.500     43.00     1.6300  20.5545     1.9835  18.6100      555.4584 511.6677  1676.4008    0.3052 2163.2421   0.2365
   58     1.500     43.00     1.6300  20.2959     2.0048  18.5500      560.7223 517.1579  1692.2874    0.3056 2183.7424   0.2368
   59     1.500     43.00     1.6300  20.5872     2.5745  28.2200      840.9522 664.1252  2538.0351    0.2617 3275.1025   0.2028
   60     1.500     43.00     1.6300  20.2986     2.5633  37.2700     1126.4347 661.2358  3399.6354    0.1945 4386.9190   0.1507

--- MELHOR MODELO REOLÓGICO AJUSTADO ---
                       Parâmetro   Valor Estimado Erro Padrão (+/-)
       Modelo Reológico Ajustado Herschel-Bulkley               N/A
Coeficiente de Determinação (R²)          0.94254               N/A
                         τ₀ (Pa)          0.00000           81.3021
                       K (Pa·sⁿ)         17.56742           15.5158
                           n (-)          0.44248            0.0952

Comportamento do Fluido Inferido: Viscoplástico (tensão de escoamento τ₀ ≈ 0) e Pseudoplástico (n = 0.442 < 1)

--- ARQUIVOS GERADOS NESTA SESSÃO ---
- 20251026_001302_comparativo_viscosidades.png
- 20251026_001302_curva_fluxo.png
- 20251026_001302_curva_viscosidade.png
- 20251026_001302_n_prime.png
- 20251026_001302_parametros_modelos.json
- 20251026_001302_pressao_vs_viscosidade.png
- 20251026_001302_resultados_reologicos.csv
- 20251026_001302_resumo_melhor_modelo.csv

======================================================================
FIM DO RELATÓRIO
======================================================================
